Original:   	495	782	2183	4959	81364	81865	82663	82712	83413	
Calculated:  	495	782	2183	4959	81865	82663	82712	83413	
Error X-Y-Z: 	4.037750e+001	7.166747e+000	2.387815e+001	
