Original:   	782	1133	2405	3756	4562	81364	82712	83413	
Calculated:  	782	1133	2405	82712	83413	
Error X-Y-Z: 	1.030153e+002	1.382679e+001	2.060632e+001	
