Original:   	35227	35524	36763	36830	37309	37506	40626	40631	40863	42525	
Calculated:  	35227	35524	36763	36830	37309	37506	40626	40631	40863	
Error X-Y-Z: 	1.225732e+001	1.058882e+001	2.112179e+001	
