Original:   	544	2056	2243	2666	3084	4667	5315	6182	8222	10038	84631	
Calculated:  	544	2056	2243	2666	3084	4667	5315	6182	8222	10038	84631	
Error X-Y-Z: 	2.503880e+001	6.143674e+000	5.155904e+001	
