Original:   	39238	40631	40910	42525	42598	45451	46201	46533	47773	86675	
Calculated:  	39238	40631	40910	42525	42598	45451	46201	46533	
Error X-Y-Z: 	4.357609e+001	6.081120e+000	1.022633e+001	
