Original:   	76069	77257	78021	79284	79545	80644	81364	81457	81865	82712	83413	
Calculated:  	76069	77257	78021	79284	79545	80644	81364	81457	81865	82712	83413	
Error X-Y-Z: 	7.006059e+001	4.290298e+001	6.854299e+000	
