Original:   	54650	55027	55587	55688	55947	57295	57489	57682	58128	58736	58841	59691	60677	60696	60697	61929	62441	62703	
Calculated:  	54650	55027	55587	55688	55947	57295	57489	57682	58128	58736	58841	59691	60677	60696	60697	61929	62441	62703	
Error X-Y-Z: 	1.118743e+001	3.022060e+001	1.250566e+001	
