Original:   	54497	57682	58128	58736	58841	60696	60697	61657	62610	63065	63252	63335	
Calculated:  	57682	58128	58736	58841	60696	60697	61657	62610	63065	63252	63335	
Error X-Y-Z: 	3.079612e+000	3.641319e+001	2.981707e+001	
