Original:   	47710	49038	50004	51541	53203	53953	54497	54650	55027	57797	58736	58841	60697	
Calculated:  	47710	49038	50004	51541	53203	53953	54497	54650	55027	57797	58736	58841	60697	
Error X-Y-Z: 	9.923688e+000	1.459513e+001	3.707941e+001	
