Original:   	40626	40631	42525	42598	45451	46201	46533	49456	86675	
Calculated:  	40626	40631	42525	42598	45451	46201	46533	49456	
Error X-Y-Z: 	5.713503e+000	5.804938e+000	1.598382e+001	
