Original:   	58841	60697	61657	62610	63065	63252	63335	65795	66674	67277	68192	70319	74084	
Calculated:  	58841	60697	61657	62610	63065	63252	63335	65795	66674	67277	68192	70319	74084	
Error X-Y-Z: 	2.135603e+000	1.501801e+001	8.705336e-001	
