Original:   	46117	47710	50004	52554	54251	54497	57797	60353	61657	63065	64810	68192	
Calculated:  	46117	47710	50004	52554	54251	54497	57797	60353	61657	63065	64810	68192	
Error X-Y-Z: 	2.072129e+001	2.699700e+001	1.023507e+001	
