Original:   	15856	15927	16098	17476	17900	17947	18386	18609	18635	18686	19013	19445	19506	19984	20064	21289	21860	22916	23358	23453	25784	25932	26419	27267	
Calculated:  	15856	15927	17476	17900	17947	18386	18609	18635	18686	19013	19445	19506	19984	21289	21860	22916	23358	23453	25784	25932	26419	27267	
Error X-Y-Z: 	2.151124e+000	5.504923e-002	5.407282e+000	
