Original:   	30708	34640	34738	37339	37662	39924	40027	40371	40863	42368	42763	43967	46117	47710	
Calculated:  	30708	34640	34738	37339	37662	39924	40027	40371	40863	42368	42763	43967	46117	
Error X-Y-Z: 	2.847844e+000	1.261410e+001	8.738812e+000	
