Original:   	69376	70319	72847	74084	74331	74382	75548	76069	76190	76423	79599	
Calculated:  	69376	70319	72847	74084	74331	74382	75548	76069	76190	76423	79599	
Error X-Y-Z: 	3.310044e+000	1.521064e+001	2.121628e+001	
