Original:   	544	2056	2243	2666	3084	4667	74331	75548	76190	76423	77064	79599	81849	82539	
Calculated:  	544	2056	2243	2666	3084	4667	74331	75548	76190	76423	77064	79599	81849	82539	
Error X-Y-Z: 	4.580273e+001	2.317363e+001	7.065733e+001	
