Original:   	782	78021	79284	79545	80644	81364	81457	81865	82663	82712	83413	
Calculated:  	782	78021	79284	79545	80644	81364	81457	81865	82663	82712	83413	
Error X-Y-Z: 	1.027012e+001	1.777649e+001	1.786222e+001	
