Original:   	40910	42525	42598	45451	46201	46533	48306	86675	
Calculated:  	40910	42525	42598	45451	46201	46533	48306	
Error X-Y-Z: 	4.063828e+001	1.774259e+001	9.205973e+000	
