Original:   	495	2056	2183	3816	4959	6121	6195	6888	7008	82539	
Calculated:  	495	2183	3816	4959	6121	6195	6888	7008	
Error X-Y-Z: 	1.024594e+002	5.065822e+001	4.865893e+001	
