Original:   	46223	46533	49456	50628	51524	51541	52212	53203	53953	54650	55027	
Calculated:  	46223	46533	49456	50628	51524	51541	52212	53203	53953	54650	55027	
Error X-Y-Z: 	3.500526e+001	5.455130e+000	2.346974e+001	
