Original:   	20253	30708	32617	32886	34640	34738	
Calculated:  	20253	30708	32617	32886	34640	34738	
Error X-Y-Z: 	1.160349e+001	3.962395e+001	2.041737e+001	
