Original:   	4959	6023	8897	9907	11170	11284	11608	12251	12393	12503	13110	14183	
Calculated:  	4959	6023	8897	9907	11170	11284	12251	12393	13110	14183	
Error X-Y-Z: 	4.328238e+001	3.950138e+001	1.024596e-001	
