Original:   	495	782	1133	82014	82712	83413	
Calculated:  	782	83413	
Error X-Y-Z: 	3.566733e+001	1.154926e+001	7.480043e+000	
