Original:   	5315	6182	6724	7008	10038	10058	10217	11142	12151	12791	12986	16265	16550	16579	16813	17425	86179	
Calculated:  	5315	6182	6724	10038	10058	10217	11142	12151	12791	12986	16265	16550	16579	16813	86179	
Error X-Y-Z: 	9.953622e+000	1.222136e+001	1.450268e+000	
