Original:   	8897	9257	9907	10058	10217	11170	11284	12251	12393	12503	12791	12986	13110	14183	14710	14714	15108	
Calculated:  	8897	9257	9907	10058	10217	11170	11284	12251	12393	12791	12986	13110	14183	14710	14714	15108	
Error X-Y-Z: 	4.354712e+001	5.076799e+001	2.922171e+001	
