Original:   	34371	35227	35524	36763	36830	36946	37309	37506	40626	40631	
Calculated:  	34371	35227	35524	36763	36830	36946	37309	37506	40626	40631	
Error X-Y-Z: 	3.269480e+001	1.197608e+001	1.975504e+001	
