Original:   	52554	54251	57797	60353	61657	63065	63252	64810	68192	70319	74331	76423	77064	79599	
Calculated:  	52554	54251	57797	60353	61657	63065	63252	64810	68192	70319	74331	76423	77064	79599	
Error X-Y-Z: 	5.229008e+000	8.560154e+000	2.565402e+001	
