Original:   	40626	40631	42525	42598	43652	43988	44806	45451	46201	86675	
Calculated:  	40626	40631	42525	42598	43988	44806	45451	46201	
Error X-Y-Z: 	1.219737e+001	4.923882e+000	4.915919e+000	
