Original:   	10058	10217	11142	12151	12251	12393	12503	12791	12986	16265	16550	16579	16813	17425	18021	18796	20254	20267	21289	86179	
Calculated:  	10058	10217	11142	12151	12251	12503	12791	12986	16265	16550	16579	16813	17425	18021	18796	20254	20267	21289	
Error X-Y-Z: 	1.033903e+001	3.782754e+001	4.045587e+001	
