Original:   	66674	67277	67718	69041	69376	70401	70471	70683	70987	71223	72847	73828	74382	
Calculated:  	66674	67277	67718	69041	69376	70401	70471	70683	70987	71223	72847	73828	74382	
Error X-Y-Z: 	9.991805e+000	6.205250e+000	7.491480e+000	
