Original:   	23969	26923	27698	30708	32617	32886	34640	34738	86307	
Calculated:  	23969	26923	27698	30708	32617	32886	34640	34738	
Error X-Y-Z: 	7.102887e+000	1.509751e+001	8.217757e+000	
