Original:   	78021	78188	79284	79545	80644	81364	82014	82126	82712	83413	
Calculated:  	78021	78188	79284	79545	80644	81364	82014	82126	82712	83413	
Error X-Y-Z: 	5.850041e+000	1.823593e+001	2.625507e+000	
