Original:   	8222	40027	42763	43967	46117	47710	49038	50004	52554	54251	54497	64810	
Calculated:  	8222	42763	43967	46117	47710	49038	50004	52554	54251	54497	64810	
Error X-Y-Z: 	2.940784e+000	5.193474e+000	3.026321e+001	
