Original:   	40626	40631	42525	42598	43988	45451	46201	46533	48306	86675	
Calculated:  	40626	40631	42525	42598	45451	46201	46533	48306	
Error X-Y-Z: 	3.498762e+001	5.756928e+000	5.440725e+000	
