Original:   	30708	34640	39924	40027	
Calculated:  	30708	34640	39924	
Error X-Y-Z: 	1.003408e+001	1.034658e+001	3.195293e+001	
