Original:   	48306	49456	50628	51524	52212	52290	53953	54650	55027	55587	55688	55947	
Calculated:  	48306	49456	50628	51524	52212	52290	53953	54650	55027	55587	55688	55947	
Error X-Y-Z: 	1.313713e+001	1.920876e+001	9.949677e+000	
