Original:   	35227	35524	36763	36830	37309	37506	40626	40631	40863	42525	42598	
Calculated:  	35227	35524	36763	36830	37309	37506	40626	40631	40863	42525	42598	
Error X-Y-Z: 	1.000562e+001	8.023700e+000	1.469389e+001	
