Original:   	544	2056	2243	2666	3084	4667	5315	6182	74331	76423	77064	79599	81849	84631	
Calculated:  	544	2056	2243	2666	3084	4667	5315	6182	76423	77064	79599	81849	84631	
Error X-Y-Z: 	1.714139e+001	5.959117e+000	2.642782e+001	
