Original:   	40910	42525	42598	43652	43988	44806	45451	46201	46533	86675	
Calculated:  	40910	42525	42598	43652	43988	44806	45451	46201	46533	
Error X-Y-Z: 	1.105085e+001	1.104911e+000	1.177157e+001	
