Original:   	32617	32886	34640	34738	37339	37662	39924	40027	40371	40863	42368	42763	43967	46117	47710	
Calculated:  	32617	32886	34640	34738	37339	37662	39924	40027	40371	40863	42368	42763	43967	46117	47710	
Error X-Y-Z: 	8.161565e+000	1.369921e+001	1.399651e+001	
