Original:   	30708	34640	39924	40027	42763	43967	46117	47710	50004	52554	54251	
Calculated:  	30708	34640	39924	40027	42763	43967	46117	47710	50004	52554	54251	
Error X-Y-Z: 	3.597671e+000	8.700766e+000	6.752950e+000	
