Original:   	57682	58128	59691	60677	60696	61929	62441	62610	62703	63335	63408	63931	64829	67718	
Calculated:  	57682	58128	59691	60677	60696	61929	62441	62610	62703	63335	63408	63931	64829	67718	
Error X-Y-Z: 	1.328820e-001	2.836003e+001	5.297881e+000	
