Original:   	58736	58841	60696	60697	61657	62610	63065	63252	63335	65795	68192	70319	
Calculated:  	58736	58841	60696	60697	61657	62610	63065	63252	63335	65795	68192	70319	
Error X-Y-Z: 	4.293962e+000	1.825762e+001	2.523036e+001	
