Original:   	75548	76069	76190	81364	81457	81865	82539	82663	82712	
Calculated:  	75548	76069	76190	81364	81457	81865	82539	82663	82712	
Error X-Y-Z: 	9.721932e+000	2.225117e+001	8.534967e+000	
