Original:   	35227	35524	36763	36830	37309	37506	40626	40631	40863	42525	
Calculated:  	35227	35524	36763	36830	37309	37506	40626	40631	40863	42525	
Error X-Y-Z: 	9.602109e+001	2.700146e+001	5.031882e+001	
