Original:   	3816	4959	6121	6195	6724	6888	7008	8897	9257	9907	10058	10217	
Calculated:  	3816	4959	6121	6195	6724	6888	7008	8897	9257	9907	10058	10217	
Error X-Y-Z: 	7.504019e-001	3.424520e+000	5.380789e+000	
