Original:   	495	782	78021	79545	80644	81364	81457	81865	82539	82663	82712	83413	
Calculated:  	495	782	78021	79545	80644	81364	81457	81865	82539	82663	82712	83413	
Error X-Y-Z: 	4.502487e+001	3.304072e-001	2.900819e+001	
