Original:   	46201	46533	48306	49456	50628	51524	51541	52290	
Calculated:  	46201	46533	48306	49456	50628	51524	
Error X-Y-Z: 	1.292257e+001	5.432696e+000	6.971278e+000	
