Original:   	61657	62610	63065	63252	63335	65795	66674	67277	69376	70319	70471	72847	
Calculated:  	61657	62610	63065	63252	63335	65795	66674	67277	69376	70319	70471	72847	
Error X-Y-Z: 	6.031902e+000	1.904368e+001	2.933052e+001	
