Original:   	46201	46533	48306	49456	50628	51524	52212	52290	
Calculated:  	46201	46533	48306	49456	50628	51524	52212	52290	
Error X-Y-Z: 	1.176876e+002	7.289583e+001	3.284693e+001	
