Original:   	40027	40371	42368	42763	43967	46117	46223	47710	49038	50004	52554	54251	54497	57797	
Calculated:  	40371	42368	42763	43967	46117	46223	47710	49038	50004	52554	54251	54497	57797	
Error X-Y-Z: 	2.914924e+000	1.140901e+001	1.117181e-001	
