Original:   	52554	54251	54497	57797	60353	61657	63065	63252	64810	68192	74331	76423	77064	81849	
Calculated:  	52554	54251	54497	57797	60353	61657	63065	63252	64810	68192	74331	76423	77064	81849	
Error X-Y-Z: 	3.225501e+000	2.019681e+001	7.933720e+001	
