Original:   	36830	37506	40626	40631	42525	42598	45451	46201	46533	86675	
Calculated:  	36830	40626	40631	42525	42598	45451	46201	46533	
Error X-Y-Z: 	2.019553e+001	2.465362e+001	9.735289e+000	
