Original:   	16550	16579	16813	17425	20253	20254	86179	
Calculated:  	16550	16579	16813	17425	20253	20254	
Error X-Y-Z: 	3.603009e+000	3.822066e+001	4.092662e+001	
