Original:   	40631	42525	42598	45451	46201	46533	86675	
Calculated:  	40631	42525	42598	45451	46201	46533	
Error X-Y-Z: 	9.727938e+000	2.516008e+001	1.091872e+001	
