Original:   	73828	77257	78021	79284	79545	80644	81364	81865	82663	82712	83413	
Calculated:  	73828	77257	78021	79284	79545	80644	81364	81865	82663	82712	83413	
Error X-Y-Z: 	4.148573e+001	1.309672e+001	1.590775e+001	
