Original:   	544	2056	2243	2666	3084	3816	4667	5315	6182	6724	10038	10058	10217	11142	84631	
Calculated:  	544	2056	2243	2666	3084	3816	4667	5315	6182	6724	10038	10058	10217	11142	
Error X-Y-Z: 	5.413728e+001	1.535036e+001	6.132286e+001	
