Original:   	782	1133	3756	4562	5668	6023	83413	
Calculated:  	782	3756	4562	5668	6023	
Error X-Y-Z: 	1.358860e+001	1.655662e+000	4.039861e+001	
