Original:   	782	1133	3756	4562	4959	6195	
Calculated:  	782	1133	3756	4562	4959	6195	
Error X-Y-Z: 	4.513940e+001	1.725891e+001	8.395960e+000	
