Original:   	26923	27636	27698	33947	35227	35524	36763	36830	37309	37506	37662	86307	
Calculated:  	26923	27636	27698	33947	35227	35524	36763	36830	37309	37506	
Error X-Y-Z: 	1.408066e-001	1.595217e+001	1.131203e+001	
