Original:   	20253	23969	30708	32617	32886	34640	
Calculated:  	20253	30708	32617	32886	
Error X-Y-Z: 	6.960204e+001	5.526109e+001	8.085198e+001	
