Original:   	49038	51541	53203	53953	54497	54650	55027	57797	58736	58841	60697	61657	63065	63252	
Calculated:  	49038	51541	53203	53953	54497	54650	55027	57797	58736	58841	60697	61657	63065	63252	
Error X-Y-Z: 	3.598988e+000	1.376150e+001	6.695001e+000	
