Original:   	37309	37339	37506	37662	39924	40371	40626	40631	40863	42368	42525	42763	46223	
Calculated:  	37309	37506	37662	39924	40371	40626	40631	40863	42368	42525	42763	46223	
Error X-Y-Z: 	4.632923e+001	6.492416e+000	2.245242e+001	
