Original:   	42525	42598	45451	46201	46533	47773	48306	86675	
Calculated:  	42525	42598	45451	46201	46533	47773	48306	
Error X-Y-Z: 	4.127835e+001	1.134583e+001	1.112432e+001	
