Original:   	32617	32886	34738	37339	37662	39924	40027	40371	40863	42368	42763	43967	46117	46223	47710	
Calculated:  	32617	32886	34738	37339	37662	39924	40027	40371	40863	42368	42763	43967	46117	46223	
Error X-Y-Z: 	2.403546e+001	7.409629e+000	1.268126e+001	
