Original:   	16265	16550	16579	16813	17425	18021	18796	20253	20254	20267	21289	21860	23969	86179	
Calculated:  	16265	16550	16579	16813	17425	18021	18796	20253	20254	20267	21289	21860	23969	
Error X-Y-Z: 	3.129312e+000	7.438127e-001	3.363881e+000	
