Original:   	495	782	1133	2183	3816	4959	6195	6888	83413	
Calculated:  	495	782	1133	2183	3816	4959	6195	6888	83413	
Error X-Y-Z: 	1.283925e+001	8.918914e+000	6.918429e+000	
