Original:   	2183	3816	4959	5315	6121	6195	6724	6888	7008	9257	12251	
Calculated:  	2183	3816	4959	5315	6121	6195	6724	6888	7008	9257	12251	
Error X-Y-Z: 	2.685422e+000	4.829800e+000	6.003492e-001	
