Original:   	46201	46533	48306	49456	50628	52212	52290	54650	55027	
Calculated:  	46201	46533	48306	49456	52212	52290	55027	
Error X-Y-Z: 	1.694598e+001	7.116685e+000	1.018809e+001	
