Original:   	57682	58128	58736	59691	60677	60696	60697	61929	62441	62610	62703	63335	63931	67718	
Calculated:  	57682	58128	58736	59691	60677	60696	60697	61929	62441	62610	62703	63335	63931	67718	
Error X-Y-Z: 	1.532555e+001	3.822528e+001	1.165944e+001	
