Original:   	20267	21289	21860	22916	23358	23453	23969	25784	25932	26419	26923	27267	27636	27698	29788	86307	
Calculated:  	20267	21289	21860	22916	23358	23453	23969	25784	25932	26419	26923	27267	27636	27698	29788	
Error X-Y-Z: 	1.623692e+001	2.126457e+001	9.300091e+000	
