Original:   	20253	20254	20267	23969	26923	30708	32617	32886	34640	34738	86307	
Calculated:  	20253	20254	20267	23969	26923	30708	32617	32886	34640	34738	
Error X-Y-Z: 	1.981659e+001	3.168511e+001	3.963719e+001	
