Original:   	14710	14714	15108	15856	15927	16098	16265	16898	17900	17947	18021	18386	18609	18686	18796	19013	19984	20267	21289	21860	22916	23453	
Calculated:  	14710	14714	15108	15856	15927	16098	16265	16898	17900	17947	18021	18386	18609	18686	18796	19013	19984	20267	21289	21860	22916	
Error X-Y-Z: 	2.896001e+000	5.806664e+000	3.126133e+000	
