Original:   	6121	6888	8897	9257	9907	10058	11170	11284	12251	12393	12503	12791	12986	13110	14183	14710	14714	15108	16265	16579	
Calculated:  	6888	8897	9257	9907	11170	11284	12251	12393	12791	12986	13110	14183	14710	14714	15108	16265	16579	
Error X-Y-Z: 	1.038107e+001	6.008618e-001	1.050421e+001	
