Original:   	2183	3816	4959	5315	6121	6195	6724	6888	7008	9257	10058	10217	
Calculated:  	2183	3816	4959	5315	6121	6195	6724	6888	7008	9257	10058	10217	
Error X-Y-Z: 	2.184356e+001	8.598735e+000	4.436731e+000	
