Original:   	782	78021	79284	79545	80644	81364	81457	81865	82663	82712	
Calculated:  	782	78021	79284	79545	80644	81364	81457	81865	82663	82712	
Error X-Y-Z: 	1.484170e+001	2.384136e+001	1.047656e+001	
