Original:   	782	1133	79545	80644	81364	81865	82663	82712	83413	
Calculated:  	782	1133	79545	81364	81865	82663	82712	
Error X-Y-Z: 	8.281379e+001	9.811066e+000	2.338453e+001	
