Original:   	495	782	2183	81364	81865	82014	82712	83413	
Calculated:  	495	782	83413	
Error X-Y-Z: 	2.234293e+002	8.755041e+000	3.028698e+001	
