Original:   	32617	32886	33947	34738	35524	36763	37309	37339	37506	37662	39924	40371	40626	40863	42368	
Calculated:  	32617	32886	33947	34738	35524	36763	37309	37339	37506	37662	39924	40371	40626	40863	
Error X-Y-Z: 	1.126493e+001	1.999954e+000	3.707864e+000	
