Original:   	544	2056	2243	2666	3084	4667	6182	77064	79599	81849	82539	84631	
Calculated:  	544	2056	2243	2666	3084	4667	6182	77064	79599	81849	84631	
Error X-Y-Z: 	1.937827e+001	7.098743e+000	3.411438e+001	
