Original:   	14183	14710	14714	15108	15856	15927	16098	16265	16898	17301	17476	17900	17947	18021	18386	18609	18635	18686	18796	19013	19984	21289	21860	22916	23358	
Calculated:  	14183	14710	14714	15108	15856	15927	16098	16265	16898	17301	17476	17900	17947	18021	18386	18609	18635	18686	18796	19013	19984	21289	21860	22916	
Error X-Y-Z: 	2.065097e+000	1.869433e+001	1.221562e+000	
