Original:   	6724	7008	9257	10058	10217	11142	11170	11284	12151	12251	12393	12503	12791	12986	13110	14183	14710	14714	15108	
Calculated:  	6724	7008	9257	10058	10217	11142	11170	11284	12151	12251	12393	12791	12986	13110	14183	14710	14714	15108	
Error X-Y-Z: 	5.176357e+000	2.678885e+000	7.931594e+000	
