Original:   	40910	42525	42598	45451	46201	46533	48306	86675	
Calculated:  	40910	42525	42598	45451	46201	46533	48306	
Error X-Y-Z: 	7.246548e+001	6.546881e+000	7.102028e+000	
