Original:   	40626	40631	40863	42525	42598	45451	46201	46533	86675	
Calculated:  	40626	40631	40863	42525	42598	45451	46201	46533	
Error X-Y-Z: 	5.684801e+001	1.301361e+001	8.499513e+000	
