Original:   	26923	30708	32617	32886	33947	34640	34738	37339	39924	40027	86307	
Calculated:  	30708	32617	32886	33947	34640	34738	37339	39924	40027	
Error X-Y-Z: 	7.904171e+001	4.053337e+001	9.095544e+001	
