Original:   	18609	19984	21289	21860	22916	23358	23453	23969	25784	25932	26419	26923	27267	27636	27698	86307	
Calculated:  	18609	19984	21289	21860	22916	23358	23453	23969	25784	25932	26419	26923	27267	27636	27698	
Error X-Y-Z: 	2.094605e+000	2.662715e+000	1.170068e+000	
