Original:   	40626	40863	42525	42598	46223	46533	
Calculated:  	42525	46533	
Error X-Y-Z: 	1.132141e+002	2.089184e+001	1.953299e+001	
