Original:   	6121	6195	6724	6888	7008	9257	10058	10217	11142	11170	11284	12151	12251	12393	12503	12791	12986	13110	
Calculated:  	6724	6888	7008	9257	10058	10217	11142	11170	11284	12151	12251	12393	12791	12986	13110	
Error X-Y-Z: 	2.410378e+000	1.114915e+001	1.682313e+000	
