Original:   	495	782	2183	3816	4959	6195	
Calculated:  	782	2183	3816	4959	6195	
Error X-Y-Z: 	7.182994e-001	1.333634e+001	9.078554e+000	
