Original:   	544	60353	64810	68192	74331	76423	77064	79599	81849	84631	
Calculated:  	544	60353	64810	68192	74331	76423	77064	79599	81849	84631	
Error X-Y-Z: 	2.460910e+001	7.557965e+000	3.039859e+001	
