Original:   	58736	58841	60696	60697	61657	62610	63065	63252	63335	65795	66674	67277	
Calculated:  	58736	58841	60696	60697	61657	62610	63065	63252	63335	65795	66674	67277	
Error X-Y-Z: 	5.817324e+000	2.201817e+001	2.848385e+001	
