Original:   	77257	78021	79284	79545	80644	81364	81865	82014	82663	82712	83413	
Calculated:  	77257	78021	79284	79545	80644	81364	82014	82663	82712	83413	
Error X-Y-Z: 	2.615828e+001	5.940778e+000	1.276703e+001	
