Original:   	8222	50004	52554	54251	54497	57797	60353	63065	64810	68192	84631	
Calculated:  	8222	50004	52554	54251	54497	57797	60353	63065	64810	68192	84631	
Error X-Y-Z: 	8.642115e+000	4.439983e+000	5.058286e+001	
