Original:   	22916	23453	25784	26419	27267	29788	31822	32366	35227	
Calculated:  	22916	23453	25784	26419	29788	31822	32366	35227	
Error X-Y-Z: 	7.752104e+000	1.320127e+001	4.472291e+000	
