Original:   	72847	74084	74331	74382	75548	76190	76423	79599	81457	82539	82663	
Calculated:  	72847	74331	74382	75548	76190	79599	81457	82539	82663	
Error X-Y-Z: 	2.164050e+001	7.307061e+000	2.264992e+001	
