Original:   	16265	17947	18021	18609	18796	19984	20267	21289	21860	22916	23358	23453	23969	25784	25932	26923	27636	27698	86307	
Calculated:  	16265	17947	18021	18609	18796	19984	20267	21289	21860	22916	23358	23453	23969	25784	25932	26923	27636	27698	
Error X-Y-Z: 	3.397896e+000	1.425464e+001	5.800424e-001	
