Original:   	71223	72847	73828	74084	74382	75548	76069	76190	78021	
Calculated:  	71223	72847	73828	74084	74382	75548	76069	76190	78021	
Error X-Y-Z: 	1.349917e+000	1.646432e+001	2.800297e+000	
