Original:   	3756	4562	4959	5668	6023	6195	6888	8897	9907	11170	
Calculated:  	3756	4959	5668	6023	6195	6888	8897	9907	
Error X-Y-Z: 	1.633751e+001	1.022547e+001	6.102402e+000	
