Original:   	495	782	1133	3756	4562	81364	82712	83413	
Calculated:  	782	3756	82712	83413	
Error X-Y-Z: 	6.770438e+001	1.421141e+001	1.128752e+001	
