Original:   	73828	76069	76190	77257	78021	79545	81457	81865	82663	
Calculated:  	73828	76190	77257	78021	79545	81457	81865	82663	
Error X-Y-Z: 	7.108744e+000	2.485234e+000	2.703944e+000	
